25364
25380
26067
26787
27422
28436
28496
28570
29390
29390
29522
29729
30338
31552
31773
32853
33543
35220
39626
40498
42130
43221
43827
44133
44619
44989
45794
46344
48337
50449
51922
54326
57532
58268
60832
61422
62085
64941
65039
65715
67489
68488
68865
70036
70176
72323
72446
73040
73113
74517
74748
76228
77989
79252
80362
81101
82577
83073
83588
85560
88632
89784
91742
93026
96933
99647
100245
102511
103730
105037
107243
120059
121308
123370
124752
125513
129203
137032
137032
139896
141785
146180
150127
155231
156551
159056
166484
171578
176039
178328
197409
198652
204016
204424
205651
207481
212149
218959
232754
232754
236478
240261
249872
251371
259541
268884
276682
276959
286514
296542
305438
310478
321220
322569
332021
347426
349511
354055
355683
365287
368684
372186
372186
375536
379667
380578
383242
384009
385814
387666
404723
425768
449271
450304
462462
465700
474082
486883
513272
575378
576528
619768
670093
679474
697820
699216
703411
709672
725639
771354
771354
783696
796235
828085
833053
860128
891092
916934
917851
949517
982750
1012232
1028934
1064535
1069006
1118608
1125320
1139949
1145193
1176113
1187051
1198328
1198328
1209113
1222413
1225347
1233924
1236392
1242203
1296860
1364297
1439606
1442917
1483752
1523813
1534480
1562100
1604277
1691229
1694611
1821707
1969630
1997205
2061115
2081726
2160624
2169266
2210483
2472425
2628188
2649213
2699548
2856122
2858978
3076260
3330667
3487209
3511619
3527421
3789862
3799336
3822892
3971220
4123318
4337731
4719451
4870473
4899696
4983971
5056239
5106801
5204341
5351624
5398183
5435970
5507725
5601356
5702181
5795126
5798603
6064759
6319479
6426910
6717407
6999538
6999538
7120630
7295797
7561364
7757960
7858038
8183360
8829846
8900485
8952107
9470434
9603021
9727860
9776499
9927057
10449220
10940334
11151482
11341058
11341058
11749336
11788108
12577912
12665957
12906610
13332528
13519184
13816606
14258737
15322439
15457277
16104937
16431867
17057921
18098454
18532817
19079535
19880876
19962387
20321710
20685469
20995751
21125925
21421688
22910495
23712362
23759787
24116184
24417636
25174583
25423811
25922118
27912937
28415369
28830234
29098355
29418437
33545844
35122498
35912755
37065554
37287947
37959130
37997089
38947017
39753220
40309765
42365563
43678896
44683510
45666547
46442879
47046636
47145434
51652538
52943851
54055672
55893565
56340713
57715427
58523443
60261589
64124357
64137182
64611797
68617728
69166670
70307920
71081307
71152389
72575437
73816476
74923724
74998647
75418640
76270870
77071715
78667099
79139102
79376519
79733713
80881879
82434811
82599681
83904755
85473774
85533606
88039741
90152695
92559771
98020798
99589131
100087076
100087076
100087076
100087076
105351657
105741458
106746002
115926158
119751721
119871473
122664478
122664478
123277801
125139295
125139295
126390688
126390688
129196562
133201655
144137511
150018321
157444228
158908460
158908460
158908460
162086629
162086629
163707495
172498588
177156050
183763970
183763970
189460653
199615744
204526292
205139871
205139871
222228022
236006159
236006159
236006159
244856390
244856390
245321617
245787728
245787728
252792679
252792679
260755648
260755648
260755648
273793430
292767315
292767315
303014171
305741299
306658523
308222481
311335528
326590969
349452337
351549051
361743974
371149317
377681545
395394809
411843233
427905120
442025989
448656378
463417173
475466020
501616651
515260624
524999050
532611536
534848504
582610476
594262685
603770888
617416110
621738023
644120592
659708310
672242768
685687624
691173125
713014195
739395721
751965448
755800472
779683767
784361869
793774212
852354748
862583005
901916790
913641709
931914543
958940065
988667207
1031278763
1043654108
1083417330
1178758055
1185123349
1188678719
1204369278
1251339680
1282873440
1330468044
1386613796
1563684377
1770090715
1827441655
1891402112
1957601186
2018286823
2302461608
2477678936
2525745908
2702042972
2791210390
2819122494
2872967734
2947664895
3361517046
3516819134
3707782413
3770814714
3789668787
3855609024
4173311208
4352763590
4615235234
4964147018
5757914126
5840252298
5984506530
6415391000
7077459352
7114262140
7206747548
7516637693
7674487084
7774255416
7987270015
8291585003
9030365226
9228130225
9901783731
9941390866
10177995969
10764248537
11054883247
11914953164
12272401759
12618483488
13308714535
14089936078
14273105247
14744117721
15112720664
16356497574
16879905497
18061498881
19356508351
19704925502
20217253565
23411579628
24664099138
32805718264
37834834874
41221052595
42185625226
46425280561
46490275954
49419163339
49419163339
49518001665
50919361112
51632232168
53955682616
55088751951
55088751951
55198929454
55806117678
59271677586
67374115912
71147066404
75615102174
76824943809
85498479965
87798389076
89378760079
95090062848
95090062848
95556004156
97142233825
101154208082
109863585398
115576491839
119390516069
132224996547
132899344029
135956028942
148056115518
156850648780
164065778624
164065778624
164065778624
164065778624
174155824009
174852447305
175726709541
184337318309
188392739312
191595415880
191672054047
200680640587
212942227727
213027404618
214944651259
231172972429
233392232965
235726155294
251849824317
255375721857
257393190060
258139630311
274144287390
277434018839
278821188933
279880709451
284078920093
305668918020
306738759233
314805988601
359193632993
369933522620
376592326027
388831576623
392797658705
433255817551
437328422236
440827049614
459341785698
485708004197
489982234634
499634884656
506130138157
525363083407
537026143858
553298036017
575429957458
578307107245
589641926547
613994138114
637018918293
656766504760
663202816507
679782886920
762036616237
774991238713
790491063487
816577268582
912198466733
924421926187
942910364711
995430472026
1022307094770
1022307094770
1209900446661
1225992122601
1235800059582
1239878199779
1324933844284
1324933844284
1330233579661
1330233579661
1379186175392
1379186175392
1379186175392
1379186175392
1379186175392
1379186175392
1457523950155
1513638622236
1530288647080
1605272790787
1638341410278
1639160580983
1639160580983
1639160580983
1639160580983
1639160580983
1639160580983
1639160580983
1842416493025
1842416493025
1842416493025
1866367907434
1866367907434
1942515718057
1942515718057
2127054711273
2127054711273
2127054711273
2127054711273
2239788610970
2239788610970
2239788610970
2239788610970
2239788610970
2239788610970
2239788610970
2239788610970
2263082412524
2299291731125
2347576857478
2347576857478
2354619588051
2355090511968
2370163091245
2375614466355
2419800895429
2577813893901
2595858591158
2627528065970
2700573346204
2709485238246
2720323179199
2755687380529
2763954442671
2810665272752
2880369771516
2958139755347
2975888593879
3091948249040
3157188357095
3169817110524
3195809610830
3197727096596
3335229361750
3352239031495
3418948588222
3472967975916
3499015235735
3614482738514
3660386669293
3769466192038
3822238718727
3837527673602
3879740478011
3895259439923
4020686793889
4086223988629
4234962541816
4438240743823
4633523336551
4633523336551
4638156859887
4691031848090
4883364153862
5140229108355
5141771177088
5316591397109
5433556407845
5460724189884
5496218897118
5503913603574
5507766343097
5550726920573
5552947211341
5567384874091
5572952258965
5669921628271
5749300531067
5813692697015
5941593936349
5976055181180
5995776163278
6065926744388
6114454158343
6149306547046
6161605160140
6173928370460
6210971940683
6466242887445
6640831445406
6741108000232
6774813540233
6937409065198
7006783155850
7020796722162
7087494291023
7122931762478
7215529875390
7280469644268
7380212078395
7417113138787
7661877872367
7717809580835
7825858914967
7857162350627
7965591191065
7997453555830
8373333872954
8398453874573
8449684443207
8490242928535
8772118993762
8991421968606
9126293298135
9307906534768
9320006813264
9470058922957
9716280454954
9722110223227
9885441674977
9951674134199
10121847761894
10347564966984
10440693051687
10482455823894
10649126871494
10723670759595
10871657416077
10878180410527
11009806393494
11165044663642
11342568873794
11415161314586
11700540347451
11719261212007
11905597465278
12009176163226
12393469800449
12579371847456
12701391754376
12803002888411
13121797660333
13646669566746
13769489592847
13797028572032
13801167680604
14353214387828
14874236070106
15152384284617
15409974817456
15539418605923
15685489140818
15953711005126
16250450029822
16305701559923
16548656513166
16770408510442
16954883004057
17107476951094
17403436302348
17707996437639
18187883141099
18571647475376
18662648548005
18942588276225
19548751101065
19841982367581
20080086155991
20300967103707
20654203931312
20674858135243
20964306149137
21048163373733
21090259700481
21320143531216
21765734531018
21983391876328
22005375268205
22423477398301
22445900875699
22490792677450
22828154567612
22919467185883
22921759132602
23056997511484
23236842092073
23933947354835
25109104169958
25131702363711
25131702363711
25149294555365
25551683268251
25827641447548
26809091822555
27291655475361
27302572137551
27916880010646
28251882570774
28929927752473
28958857680225
30117211987434
30358149683334
30561549286212
30839659384716
30922926465055
31612507725226
32466045433807
32725773797277
32967944523377
33165752190518
33232083694899
34029653703576
34155563422279
35979470509029
36799802436635
37863316727054
39449789697917
40041536543386
40481993445363
40846331386372
41173102037463
42568870196533
42696576807122
43191857098085
43524434397740
45091314036059
45181496664131
45497767140780
45679758209343
46045196275018
46146495706823
47161718612373
50368715478014
50625595926952
51283728674003
52724801449742
54232730771205
54699132255837
55131255400658
55781804214386
56919753020359
57995536352444
57995536352444
58459500643264
58810257647123
60574565376537
63585121275751
66128526126781
66624490072732
67417321504597
68664541952433
68664541952433
68753805856971
69785112944825
70552749187218
71053673706448
71231307890714
73083321895872
75421988196540
75799098137523
76071974890818
76665336294966
76818666967556
77225805902485
77465205900782
78627183989294
80294080289867
81361991557722
85519589326322
86887902755543
89546672579862
90531685978241
92704446441719
94493642258044
95344085038366
95992424816627
97144333914426
98795787590972
98993379166154
100676266611979
101683029278099
102394810483045
102804389724977
104151127230374
104151127230374
104682297979249
108304305489331
108878318308425
109662242200245
110100891169047
114758158865497
114758158865497
116330345641955
117377318752732
117659024317739
118306148951485
120897053613524
121864230042431
124033413337188
126266014777257
129801463191020
132657095381221
136504151147278
142783342100053
145496225599953
146543798424273
150441863462359
150592305325821
154101106039913
157491330372791
158940250612221
159734951865282
160054421769013
162727330612555
163361967201944
163476320578985
163966749540722
164720996588610
167224755736757
173244846943280
175843519647429
176195206686723
177904300191585
179843457063673
182936764525168
185132005699470
187168457762165
192090988201309
193819807095121
205390849578700
209704057419853
215156362912769
225010524334174
225348040120675
227398707285773
230218451256117
235122104267872
237003081102013
238425099588627
238425099588627
257189154926252
258629414193839
262767484820941
283604946367241
292283257726079
294913807045614
298157858923115
306208121114039
321610389606076
337369298696774
339056145190256
349905941836346
352355283429200
360811810231500
368749670056597
376493413127782
378790022947861
383714293246185
384865436125924
402954111623841
406983652740079
415937293100361
417185104979663
419813371141035
420233184512175
426200495732248
429610099698106
479530793283025
482072306487424
497498620295024
517796564003060
560514780533313
580693312632513
588881088340632
600069829019103
601870038506160
640690655989807
645816181237724
698191873536106
728214124098156
771178757419948
783517617538674
794486864184209
804020706554418
829749369164160
852982351500758
874306910288279
875181217198564
904937378583316
924846000912147
944822674531851
958995014649828
985942774561491
1011380098145175
1018662034851822
1032923303339747
1034989149946425
1111060852467492
1137726312926707
1160480839185244
1194134783521615
1204881996573312
1217653745736988
1237136205668779
1240971327906349
1292595735147256
1376614457931828
1412406433838046
1435004936779465
1476620079946070
1516488822104609
1553187851599549
1562506978709140
1610007190861902
1655087392206030
1682230825438212
1694342887381367
1709591973367794
1750622180728642
1804891468331206
1898745824684434
1926277639142363
1944384648950302
1990272126665519
1990272126665519
2083814916618811
2108820695618229
2142561826748121
2188198393657862
2353188552539661
2381662134025384
2484073605788493
2513882489057939
2757729090496549
2764899186131858
